polyhedron 
(points = [ 
[315.58154,166.80751,282.4341],
[298.54846,189.61688,286.30597],
[297.67523,189.63939,307.2521],
[314.68372,166.48158,328.1904],
[315.58154,166.80751,282.4341],
[297.67523,189.63939,307.2521],
[314.68372,166.48158,328.1904],
[297.67523,189.63939,307.2521],
[296.78375,189.73323,328.87292],
[332.45636,143.32854,277.50418],
[315.58154,166.80751,282.4341],
[332.43762,142.86133,298.8136],
[315.58154,166.80751,282.4341],
[314.68372,166.48158,328.1904],
[332.2234,142.55482,320.75504],
[315.58154,166.80751,282.4341],
[332.2234,142.55482,320.75504],
[332.43762,142.86133,298.8136],
[310.1546,169.89603,375.00876],
[295.66116,189.88611,352.02594],
[294.0946,190.08575,377.56866],
[314.68372,166.48158,328.1904],
[295.66116,189.88611,352.02594],
[310.1546,169.89603,375.00876],
[331.55658,142.41061,344.20337],
[332.2234,142.55482,320.75504],
[314.68372,166.48158,328.1904],
[310.1546,169.89603,375.00876],
[331.55658,142.41061,344.20337],
[314.68372,166.48158,328.1904],
[331.55658,142.41061,344.20337],
[310.1546,169.89603,375.00876],
[330.1802,142.4303,370.0336],
[296.78375,189.73323,328.87292],
[295.66116,189.88611,352.02594],
[314.68372,166.48158,328.1904],
[341.10687,125.990906,366.17596],
[330.1802,142.4303,370.0336],
[327.91962,142.60999,398.77347],
[352.21024,108.24856,361.7353],
[341.10687,125.990906,366.17596],
[327.91962,142.60999,398.77347],
[370.79044,71.37462,382.32028],
[363.1132,89.78333,357.20016],
[352.21024,108.24856,361.7353],
[363.1132,89.78333,357.20016],
[370.79044,71.37462,382.32028],
[373.43848,71.17529,353.0591],
[367.63232,71.78141,413.70142],
[370.79044,71.37462,382.32028],
[352.21024,108.24856,361.7353],
[324.92975,142.92381,429.5616],
[352.21024,108.24856,361.7353],
[327.91962,142.60999,398.77347],
[339.0847,109.976845,485.122],
[324.92975,142.92381,429.5616],
[321.448,143.3404,461.18948],
[339.0847,109.976845,485.122],
[321.448,143.3404,461.18948],
[317.71167,143.82837,492.4485],
[339.0847,109.976845,485.122],
[364.21997,72.33668,445.9319],
[367.63232,71.78141,413.70142],
[364.21997,72.33668,445.9319],
[339.0847,109.976845,485.122],
[360.80933,72.981445,477.74097],
[339.0847,109.976845,485.122],
[367.63232,71.78141,413.70142],
[324.92975,142.92381,429.5616],
[352.21024,108.24856,361.7353],
[324.92975,142.92381,429.5616],
[367.63232,71.78141,413.70142],
[331.55658,142.41061,344.20337],
[330.1802,142.4303,370.0336],
[341.10687,125.990906,366.17596],
[341.10687,125.990906,366.17596],
[355.32404,107.76419,315.43622],
[331.55658,142.41061,344.20337],
[331.55658,142.41061,344.20337],
[355.32404,107.76419,315.43622],
[332.2234,142.55482,320.75504],
[332.43762,142.86133,298.8136],
[355.50665,109.01317,268.8698],
[332.45636,143.32854,277.50418],
[355.32404,107.76419,315.43622],
[332.43762,142.86133,298.8136],
[332.2234,142.55482,320.75504],
[341.10687,125.990906,366.17596],
[352.21024,108.24856,361.7353],
[355.32404,107.76419,315.43622],
[375.3621,71.22896,326.83716],
[355.32404,107.76419,315.43622],
[363.1132,89.78333,357.20016],
[352.21024,108.24856,361.7353],
[363.1132,89.78333,357.20016],
[355.32404,107.76419,315.43622],
[363.1132,89.78333,357.20016],
[373.43848,71.17529,353.0591],
[375.3621,71.22896,326.83716],
[376.5133,71.52741,303.1677],
[355.32404,107.76419,315.43622],
[375.3621,71.22896,326.83716],
[355.50665,109.01317,268.8698],
[355.32404,107.76419,315.43622],
[376.5133,71.52741,303.1677],
[355.50665,109.01317,268.8698],
[376.5133,71.52741,303.1677],
[376.88568,72.049,281.21252],
[355.50665,109.01317,268.8698],
[376.88568,72.049,281.21252],
[376.4728,72.772095,260.13354],
[332.43762,142.86133,298.8136],
[355.32404,107.76419,315.43622],
[355.50665,109.01317,268.8698],
[327.91962,142.60999,398.77347],
[330.1802,142.4303,370.0336],
[310.1546,169.89603,375.00876],
[324.92975,142.92381,429.5616],
[327.91962,142.60999,398.77347],
[310.1546,169.89603,375.00876],
[324.92975,142.92381,429.5616],
[298.2022,171.19417,497.26407],
[321.448,143.3404,461.18948],
[321.448,143.3404,461.18948],
[298.2022,171.19417,497.26407],
[317.71167,143.82837,492.4485],
[310.1546,169.89603,375.00876],
[289.19467,190.59554,436.66602],
[324.92975,142.92381,429.5616],
[291.92334,190.3223,406.0352],
[289.19467,190.59554,436.66602],
[310.1546,169.89603,375.00876],
[324.92975,142.92381,429.5616],
[289.19467,190.59554,436.66602],
[298.2022,171.19417,497.26407],
[282.46268,191.26082,500.08884],
[298.2022,171.19417,497.26407],
[286.008,190.90764,468.3782],
[289.19467,190.59554,436.66602],
[286.008,190.90764,468.3782],
[298.2022,171.19417,497.26407],
[294.0946,190.08575,377.56866],
[291.92334,190.3223,406.0352],
[310.1546,169.89603,375.00876],
[292.81885,168.74966,556.1539],
[296.8629,168.24535,526.9647],
[286.97592,181.15973,529.184],
[292.81885,168.74966,556.1539],
[286.97592,181.15973,529.184],
[282.91034,181.6358,558.7954],
[286.97592,181.15973,529.184],
[282.46268,191.26082,500.08884],
[281.53186,191.35574,507.89285],
[286.97592,181.15973,529.184],
[280.58585,191.45322,515.63336],
[278.6523,191.65509,530.9407],
[286.97592,181.15973,529.184],
[278.6523,191.65509,530.9407],
[276.67017,191.86507,546.0446],
[286.97592,181.15973,529.184],
[281.53186,191.35574,507.89285],
[280.58585,191.45322,515.63336],
[317.71167,143.82837,492.4485],
[298.2022,171.19417,497.26407],
[296.8629,168.24535,526.9647],
[317.71167,143.82837,492.4485],
[296.8629,168.24535,526.9647],
[313.9193,144.35991,522.3972],
[298.2022,171.19417,497.26407],
[286.97592,181.15973,529.184],
[296.8629,168.24535,526.9647],
[313.9193,144.35991,522.3972],
[296.8629,168.24535,526.9647],
[292.81885,168.74966,556.1539],
[313.9193,144.35991,522.3972],
[292.81885,168.74966,556.1539],
[310.11407,144.92148,551.1628],
[286.97592,181.15973,529.184],
[298.2022,171.19417,497.26407],
[282.46268,191.26082,500.08884],
[276.67017,191.86507,546.0446],
[282.91034,181.6358,558.7954],
[286.97592,181.15973,529.184],
[282.91034,181.6358,558.7954],
[274.64752,192.0818,560.9792],
[272.59247,192.30396,575.77814],
[282.91034,181.6358,558.7954],
[270.5131,192.53017,590.4754],
[268.4175,192.75908,605.1049],
[284.50262,169.81396,612.7976],
[268.4175,192.75908,605.1049],
[266.31384,192.98933,619.70056],
[282.91034,181.6358,558.7954],
[272.59247,192.30396,575.77814],
[270.5131,192.53017,590.4754],
[284.50262,169.81396,612.7976],
[292.81885,168.74966,556.1539],
[282.91034,181.6358,558.7954],
[306.30026,145.50307,579.13965],
[310.11407,144.92148,551.1628],
[292.81885,168.74966,556.1539],
[302.48212,146.09464,606.72217],
[306.30026,145.50307,579.13965],
[284.50262,169.81396,612.7976],
[292.81885,168.74966,556.1539],
[284.50262,169.81396,612.7976],
[306.30026,145.50307,579.13965],
[284.50262,169.81396,612.7976],
[282.91034,181.6358,558.7954],
[268.4175,192.75908,605.1049],
[276.67017,191.86507,546.0446],
[274.64752,192.0818,560.9792],
[282.91034,181.6358,558.7954],
[306.30026,145.50307,579.13965],
[332.94077,110.56354,542.9595],
[310.11407,144.92148,551.1628],
[310.11407,144.92148,551.1628],
[332.94077,110.56354,542.9595],
[313.9193,144.35991,522.3972],
[317.71167,143.82837,492.4485],
[313.9193,144.35991,522.3972],
[339.0847,109.976845,485.122],
[313.9193,144.35991,522.3972],
[332.94077,110.56354,542.9595],
[339.0847,109.976845,485.122],
[326.65662,112.01427,599.3834],
[306.30026,145.50307,579.13965],
[302.48212,146.09464,606.72217],
[351.70493,75.094,565.555],
[326.65662,112.01427,599.3834],
[348.88474,75.823616,593.4163],
[332.94077,110.56354,542.9595],
[326.65662,112.01427,599.3834],
[351.70493,75.094,565.555],
[332.94077,110.56354,542.9595],
[351.70493,75.094,565.555],
[354.58948,74.37201,537.2707],
[357.6028,73.66528,508.14032],
[332.94077,110.56354,542.9595],
[354.58948,74.37201,537.2707],
[357.6028,73.66528,508.14032],
[360.80933,72.981445,477.74097],
[339.0847,109.976845,485.122],
[332.94077,110.56354,542.9595],
[357.6028,73.66528,508.14032],
[339.0847,109.976845,485.122],
[306.30026,145.50307,579.13965],
[326.65662,112.01427,599.3834],
[332.94077,110.56354,542.9595],
[368.07935,-50.65809,533.228],
[377.5962,-26.250608,531.32745],
[369.67905,-26.87511,588.8024],
[368.07935,-50.65809,533.228],
[369.67905,-26.87511,588.8024],
[361.37756,-51.801167,590.49066],
[369.67905,-26.87511,588.8024],
[377.25623,-0.37128198,560.0652],
[372.9574,-0.35924247,588.2064],
[369.67905,-26.87511,588.8024],
[377.5962,-26.250608,531.32745],
[381.41617,-0.38280407,531.4967],
[369.67905,-26.87511,588.8024],
[381.41617,-0.38280407,531.4967],
[377.25623,-0.37128198,560.0652],
[386.5022,-18.619406,471.75592],
[388.76392,-0.40222618,471.36942],
[385.29837,-0.3932913,502.07385],
[380.3812,-36.875553,472.93408],
[386.5022,-18.619406,471.75592],
[377.5962,-26.250608,531.32745],
[385.29837,-0.3932913,502.07385],
[377.5962,-26.250608,531.32745],
[386.5022,-18.619406,471.75592],
[377.5962,-26.250608,531.32745],
[385.29837,-0.3932913,502.07385],
[381.41617,-0.38280407,531.4967],
[352.23715,-75.823265,565.4267],
[361.37756,-51.801167,590.49066],
[349.39694,-76.55584,593.2458],
[368.07935,-50.65809,533.228],
[361.37756,-51.801167,590.49066],
[352.23715,-75.823265,565.4267],
[368.07935,-50.65809,533.228],
[352.23715,-75.823265,565.4267],
[355.1373,-75.09346,537.1763],
[361.3569,-73.65317,477.65637],
[380.3812,-36.875553,472.93408],
[368.07935,-50.65809,533.228],
[368.07935,-50.65809,533.228],
[380.3812,-36.875553,472.93408],
[377.5962,-26.250608,531.32745],
[368.07935,-50.65809,533.228],
[358.15723,-74.36917,508.0633],
[361.3569,-73.65317,477.65637],
[358.15723,-74.36917,508.0633],
[368.07935,-50.65809,533.228],
[355.1373,-75.09346,537.1763],
[367.7047,49.907658,533.28986],
[361.03555,51.08207,590.6039],
[369.502,26.177462,588.8605],
[367.7047,49.907658,533.28986],
[369.502,26.177462,588.8605],
[377.39908,25.50633,531.3592],
[377.25623,-0.37128198,560.0652],
[369.502,26.177462,588.8605],
[372.9574,-0.35924247,588.2064],
[377.39908,25.50633,531.3592],
[369.502,26.177462,588.8605],
[377.25623,-0.37128198,560.0652],
[377.39908,25.50633,531.3592],
[377.25623,-0.37128198,560.0652],
[381.41617,-0.38280407,531.4967],
[351.70493,75.094,565.555],
[348.88474,75.823616,593.4163],
[361.03555,51.08207,590.6039],
[351.70493,75.094,565.555],
[367.7047,49.907658,533.28986],
[354.58948,74.37201,537.2707],
[361.03555,51.08207,590.6039],
[367.7047,49.907658,533.28986],
[351.70493,75.094,565.555],
[386.367,17.81563,471.77612],
[377.39908,25.50633,531.3592],
[385.29837,-0.3932913,502.07385],
[381.41617,-0.38280407,531.4967],
[385.29837,-0.3932913,502.07385],
[377.39908,25.50633,531.3592],
[385.29837,-0.3932913,502.07385],
[388.76392,-0.40222618,471.36942],
[386.367,17.81563,471.77612],
[380.11017,36.083965,472.97485],
[377.39908,25.50633,531.3592],
[386.367,17.81563,471.77612],
[354.58948,74.37201,537.2707],
[367.7047,49.907658,533.28986],
[357.6028,73.66528,508.14032],
[360.80933,72.981445,477.74097],
[357.6028,73.66528,508.14032],
[367.7047,49.907658,533.28986],
[367.7047,49.907658,533.28986],
[380.11017,36.083965,472.97485],
[360.80933,72.981445,477.74097],
[380.11017,36.083965,472.97485],
[367.7047,49.907658,533.28986],
[377.39908,25.50633,531.3592],
[391.70038,-0.40895754,439.23846],
[388.76392,-0.40222618,471.36942],
[386.5022,-18.619406,471.75592],
[394.10123,-0.4122991,406.66516],
[391.70038,-0.40895754,439.23846],
[386.5022,-18.619406,471.75592],
[395.55643,-17.99915,345.69],
[395.98636,-0.41093075,374.91595],
[394.10123,-0.4122991,406.66516],
[395.98636,-0.41093075,374.91595],
[395.55643,-17.99915,345.69],
[397.37567,-0.40353253,345.2573],
[395.55643,-17.99915,345.69],
[394.10123,-0.4122991,406.66516],
[386.5022,-18.619406,471.75592],
[386.5022,-18.619406,471.75592],
[380.3812,-36.875553,472.93408],
[390.53506,-35.674957,347.08466],
[386.5022,-18.619406,471.75592],
[390.53506,-35.674957,347.08466],
[395.55643,-17.99915,345.69],
[364.7469,-72.95932,445.809],
[380.3812,-36.875553,472.93408],
[361.3569,-73.65317,477.65637],
[380.3812,-36.875553,472.93408],
[364.7469,-72.95932,445.809],
[368.1408,-72.34593,413.5133],
[383.08942,-53.523712,349.4225],
[380.3812,-36.875553,472.93408],
[368.1408,-72.34593,413.5133],
[383.08942,-53.523712,349.4225],
[390.53506,-35.674957,347.08466],
[380.3812,-36.875553,472.93408],
[383.08942,-53.523712,349.4225],
[371.30286,-71.882416,382.04626],
[373.99738,-71.63817,352.68478],
[383.08942,-53.523712,349.4225],
[368.1408,-72.34593,413.5133],
[371.30286,-71.882416,382.04626],
[386.367,17.81563,471.77612],
[388.76392,-0.40222618,471.36942],
[391.70038,-0.40895754,439.23846],
[380.11017,36.083965,472.97485],
[386.367,17.81563,471.77612],
[395.47064,17.20689,345.798],
[380.11017,36.083965,472.97485],
[395.47064,17.20689,345.798],
[390.3419,34.936054,347.2949],
[364.21997,72.33668,445.9319],
[360.80933,72.981445,477.74097],
[380.11017,36.083965,472.97485],
[380.11017,36.083965,472.97485],
[367.63232,71.78141,413.70142],
[364.21997,72.33668,445.9319],
[382.74576,52.89013,349.72342],
[367.63232,71.78141,413.70142],
[380.11017,36.083965,472.97485],
[391.70038,-0.40895754,439.23846],
[394.10123,-0.4122991,406.66516],
[386.367,17.81563,471.77612],
[395.47064,17.20689,345.798],
[394.10123,-0.4122991,406.66516],
[395.98636,-0.41093075,374.91595],
[395.98636,-0.41093075,374.91595],
[397.37567,-0.40353253,345.2573],
[395.47064,17.20689,345.798],
[370.79044,71.37462,382.32028],
[367.63232,71.78141,413.70142],
[382.74576,52.89013,349.72342],
[382.74576,52.89013,349.72342],
[380.11017,36.083965,472.97485],
[390.3419,34.936054,347.2949],
[370.79044,71.37462,382.32028],
[382.74576,52.89013,349.72342],
[373.43848,71.17529,353.0591],
[395.47064,17.20689,345.798],
[386.367,17.81563,471.77612],
[394.10123,-0.4122991,406.66516],
[387.74362,-49.32593,254.93857],
[394.80313,-25.596025,252.03941],
[395.58868,-25.030691,299.06335],
[387.74362,-49.32593,254.93857],
[395.58868,-25.030691,299.06335],
[388.02347,-48.27794,301.7733],
[395.55643,-17.99915,345.69],
[398.27716,-0.38980106,318.61456],
[397.37567,-0.40353253,345.2573],
[398.27716,-0.38980106,318.61456],
[395.55643,-17.99915,345.69],
[395.58868,-25.030691,299.06335],
[390.53506,-35.674957,347.08466],
[395.58868,-25.030691,299.06335],
[395.55643,-17.99915,345.69],
[398.65115,-0.37350008,294.5492],
[398.27716,-0.38980106,318.61456],
[395.58868,-25.030691,299.06335],
[398.44604,-0.35941014,272.28162],
[398.65115,-0.37350008,294.5492],
[395.58868,-25.030691,299.06335],
[398.44604,-0.35941014,272.28162],
[394.80313,-25.596025,252.03941],
[397.61026,-0.35231167,251.0322],
[398.44604,-0.35941014,272.28162],
[395.58868,-25.030691,299.06335],
[394.80313,-25.596025,252.03941],
[383.08942,-53.523712,349.4225],
[388.02347,-48.27794,301.7733],
[390.53506,-35.674957,347.08466],
[383.08942,-53.523712,349.4225],
[373.99738,-71.63817,352.68478],
[376.0203,-71.667885,326.35638],
[376.0203,-71.667885,326.35638],
[388.02347,-48.27794,301.7733],
[383.08942,-53.523712,349.4225],
[387.74362,-49.32593,254.93857],
[388.02347,-48.27794,301.7733],
[377.2942,-71.96731,302.59116],
[387.74362,-49.32593,254.93857],
[377.2942,-71.96731,302.59116],
[377.77338,-72.51746,280.56976],
[387.74362,-49.32593,254.93857],
[377.77338,-72.51746,280.56976],
[377.41217,-73.299385,259.47293],
[377.2942,-71.96731,302.59116],
[388.02347,-48.27794,301.7733],
[376.0203,-71.667885,326.35638],
[390.53506,-35.674957,347.08466],
[388.02347,-48.27794,301.7733],
[395.58868,-25.030691,299.06335],
[387.36557,48.754063,255.51451],
[387.6641,47.70687,302.2226],
[395.44443,24.413242,299.31985],
[387.36557,48.754063,255.51451],
[395.44443,24.413242,299.31985],
[394.68204,25.01864,252.38113],
[398.27716,-0.38980106,318.61456],
[395.47064,17.20689,345.798],
[397.37567,-0.40353253,345.2573],
[395.47064,17.20689,345.798],
[398.27716,-0.38980106,318.61456],
[395.44443,24.413242,299.31985],
[398.65115,-0.37350008,294.5492],
[395.44443,24.413242,299.31985],
[398.27716,-0.38980106,318.61456],
[390.3419,34.936054,347.2949],
[395.47064,17.20689,345.798],
[395.44443,24.413242,299.31985],
[387.6641,47.70687,302.2226],
[382.74576,52.89013,349.72342],
[390.3419,34.936054,347.2949],
[382.74576,52.89013,349.72342],
[375.3621,71.22896,326.83716],
[373.43848,71.17529,353.0591],
[375.3621,71.22896,326.83716],
[382.74576,52.89013,349.72342],
[387.6641,47.70687,302.2226],
[395.44443,24.413242,299.31985],
[387.6641,47.70687,302.2226],
[390.3419,34.936054,347.2949],
[394.68204,25.01864,252.38113],
[395.44443,24.413242,299.31985],
[398.65115,-0.37350008,294.5492],
[394.68204,25.01864,252.38113],
[398.65115,-0.37350008,294.5492],
[398.44604,-0.35941014,272.28162],
[398.44604,-0.35941014,272.28162],
[397.61026,-0.35231167,251.0322],
[394.68204,25.01864,252.38113],
[375.3621,71.22896,326.83716],
[387.6641,47.70687,302.2226],
[376.5133,71.52741,303.1677],
[376.88568,72.049,281.21252],
[376.5133,71.52741,303.1677],
[387.6641,47.70687,302.2226],
[376.4728,72.772095,260.13354],
[376.88568,72.049,281.21252],
[387.36557,48.754063,255.51451],
[387.6641,47.70687,302.2226],
[387.36557,48.754063,255.51451],
[376.88568,72.049,281.21252],
[287.1274,-182.62805,529.48303],
[297.15393,-169.51173,527.14606],
[293.13336,-170.10857,556.2472],
[287.1274,-182.62805,529.48303],
[293.13336,-170.10857,556.2472],
[283.10013,-183.1636,558.9725],
[284.86884,-171.33707,612.6806],
[307.11047,-146.29161,578.9572],
[303.30197,-146.9827,606.44934],
[310.91592,-145.60408,551.0592],
[307.11047,-146.29161,578.9572],
[293.13336,-170.10857,556.2472],
[284.86884,-171.33707,612.6806],
[293.13336,-170.10857,556.2472],
[307.11047,-146.29161,578.9572],
[283.10013,-183.1636,558.9725],
[293.13336,-170.10857,556.2472],
[284.86884,-171.33707,612.6806],
[314.71536,-144.92365,522.3495],
[310.91592,-145.60408,551.0592],
[293.13336,-170.10857,556.2472],
[314.71536,-144.92365,522.3495],
[293.13336,-170.10857,556.2472],
[297.15393,-169.51173,527.14606],
[297.15393,-169.51173,527.14606],
[318.50577,-144.25388,492.42203],
[314.71536,-144.92365,522.3495],
[287.1274,-182.62805,529.48303],
[298.61694,-172.1698,497.51175],
[297.15393,-169.51173,527.14606],
[318.50577,-144.25388,492.42203],
[297.15393,-169.51173,527.14606],
[298.61694,-172.1698,497.51175],
[283.10013,-183.1636,558.9725],
[284.86884,-171.33707,612.6806],
[268.55826,-194.49913,605.1295],
[268.55826,-194.49913,605.1295],
[270.63046,-194.25693,590.5791],
[283.10013,-183.1636,558.9725],
[272.68637,-194.01724,575.9608],
[274.71777,-193.78133,561.24066],
[283.10013,-183.1636,558.9725],
[274.71777,-193.78133,561.24066],
[276.71652,-193.55043,546.38464],
[283.10013,-183.1636,558.9725],
[270.63046,-194.25693,590.5791],
[272.68637,-194.01724,575.9608],
[283.10013,-183.1636,558.9725],
[278.67444,-193.3258,531.3589],
[287.1274,-182.62805,529.48303],
[276.71652,-193.55043,546.38464],
[276.71652,-193.55043,546.38464],
[287.1274,-182.62805,529.48303],
[283.10013,-183.1636,558.9725],
[280.58334,-193.10872,516.1294],
[287.1274,-182.62805,529.48303],
[278.67444,-193.3258,531.3589],
[287.1274,-182.62805,529.48303],
[280.58334,-193.10872,516.1294],
[281.5169,-193.0034,508.4276],
[287.1274,-182.62805,529.48303],
[281.5169,-193.0034,508.4276],
[282.43512,-192.90044,500.6622],
[298.61694,-172.1698,497.51175],
[287.1274,-182.62805,529.48303],
[282.43512,-192.90044,500.6622],
[266.47787,-194.74258,619.64594],
[268.55826,-194.49913,605.1295],
[284.86884,-171.33707,612.6806],
[327.37488,-112.814644,599.1422],
[303.30197,-146.9827,606.44934],
[307.11047,-146.29161,578.9572],
[339.87674,-110.40006,485.0084],
[355.1373,-75.09346,537.1763],
[327.37488,-112.814644,599.1422],
[327.37488,-112.814644,599.1422],
[352.23715,-75.823265,565.4267],
[349.39694,-76.55584,593.2458],
[327.37488,-112.814644,599.1422],
[355.1373,-75.09346,537.1763],
[352.23715,-75.823265,565.4267],
[310.91592,-145.60408,551.0592],
[327.37488,-112.814644,599.1422],
[307.11047,-146.29161,578.9572],
[339.87674,-110.40006,485.0084],
[310.91592,-145.60408,551.0592],
[314.71536,-144.92365,522.3495],
[339.87674,-110.40006,485.0084],
[314.71536,-144.92365,522.3495],
[318.50577,-144.25388,492.42203],
[361.3569,-73.65317,477.65637],
[358.15723,-74.36917,508.0633],
[339.87674,-110.40006,485.0084],
[339.87674,-110.40006,485.0084],
[358.15723,-74.36917,508.0633],
[355.1373,-75.09346,537.1763],
[310.91592,-145.60408,551.0592],
[339.87674,-110.40006,485.0084],
[327.37488,-112.814644,599.1422],
[322.2526,-143.6078,461.14383],
[298.61694,-172.1698,497.51175],
[325.7953,-143.03639,429.47263],
[325.7953,-143.03639,429.47263],
[310.85834,-170.55965,375.51974],
[328.94177,-142.60014,398.63898],
[331.49997,-142.35953,369.87344],
[328.94177,-142.60014,398.63898],
[320.8728,-157.30681,373.076],
[328.94177,-142.60014,398.63898],
[310.85834,-170.55965,375.51974],
[320.8728,-157.30681,373.076],
[298.61694,-172.1698,497.51175],
[322.2526,-143.6078,461.14383],
[318.50577,-144.25388,492.42203],
[285.93094,-192.5146,469.1067],
[298.61694,-172.1698,497.51175],
[282.43512,-192.90044,500.6622],
[289.07846,-192.17505,437.55942],
[298.61694,-172.1698,497.51175],
[285.93094,-192.5146,469.1067],
[291.79065,-191.88791,407.11514],
[310.85834,-170.55965,375.51974],
[289.07846,-192.17505,437.55942],
[298.61694,-172.1698,497.51175],
[289.07846,-192.17505,437.55942],
[310.85834,-170.55965,375.51974],
[310.85834,-170.55965,375.51974],
[291.79065,-191.88791,407.11514],
[293.9805,-191.6593,378.86865],
[325.7953,-143.03639,429.47263],
[298.61694,-172.1698,497.51175],
[310.85834,-170.55965,375.51974],
[339.87674,-110.40006,485.0084],
[318.50577,-144.25388,492.42203],
[322.2526,-143.6078,461.14383],
[339.87674,-110.40006,485.0084],
[322.2526,-143.6078,461.14383],
[325.7953,-143.03639,429.47263],
[364.7469,-72.95932,445.809],
[361.3569,-73.65317,477.65637],
[339.87674,-110.40006,485.0084],
[339.87674,-110.40006,485.0084],
[368.1408,-72.34593,413.5133],
[364.7469,-72.95932,445.809],
[368.1408,-72.34593,413.5133],
[339.87674,-110.40006,485.0084],
[325.7953,-143.03639,429.47263],
[368.1408,-72.34593,413.5133],
[325.7953,-143.03639,429.47263],
[353.33276,-108.25416,361.31656],
[342.41824,-125.8672,365.83548],
[328.94177,-142.60014,398.63898],
[331.49997,-142.35953,369.87344],
[353.33276,-108.25416,361.31656],
[328.94177,-142.60014,398.63898],
[342.41824,-125.8672,365.83548],
[363.9552,-90.01346,356.77893],
[371.30286,-71.882416,382.04626],
[353.33276,-108.25416,361.31656],
[353.33276,-108.25416,361.31656],
[371.30286,-71.882416,382.04626],
[368.1408,-72.34593,413.5133],
[371.30286,-71.882416,382.04626],
[363.9552,-90.01346,356.77893],
[373.99738,-71.63817,352.68478],
[328.94177,-142.60014,398.63898],
[353.33276,-108.25416,361.31656],
[325.7953,-143.03639,429.47263],
[333.33444,-142.36328,344.05762],
[331.49997,-142.35953,369.87344],
[320.8728,-157.30681,373.076],
[315.86893,-167.5371,329.23495],
[333.33444,-142.36328,344.05762],
[320.8728,-157.30681,373.076],
[315.86893,-167.5371,329.23495],
[335.25287,-143.09952,298.8697],
[334.5362,-142.61324,320.6774],
[315.86893,-167.5371,329.23495],
[317.52377,-168.21603,283.67245],
[335.25287,-143.09952,298.8697],
[335.6321,-143.81221,277.77145],
[335.25287,-143.09952,298.8697],
[317.52377,-168.21603,283.67245],
[315.86893,-167.5371,329.23495],
[334.5362,-142.61324,320.6774],
[333.33444,-142.36328,344.05762],
[315.86893,-167.5371,329.23495],
[320.8728,-157.30681,373.076],
[310.85834,-170.55965,375.51974],
[295.60846,-191.49477,353.5853],
[310.85834,-170.55965,375.51974],
[293.9805,-191.6593,378.86865],
[315.86893,-167.5371,329.23495],
[295.60846,-191.49477,353.5853],
[296.82526,-191.3977,330.71283],
[317.52377,-168.21603,283.67245],
[315.86893,-167.5371,329.23495],
[296.82526,-191.3977,330.71283],
[317.52377,-168.21603,283.67245],
[296.82526,-191.3977,330.71283],
[297.82904,-191.37102,309.36963],
[317.52377,-168.21603,283.67245],
[297.82904,-191.37102,309.36963],
[298.81805,-191.41754,288.67407],
[295.60846,-191.49477,353.5853],
[315.86893,-167.5371,329.23495],
[310.85834,-170.55965,375.51974],
[342.41824,-125.8672,365.83548],
[331.49997,-142.35953,369.87344],
[333.33444,-142.36328,344.05762],
[356.95374,-108.01839,315.00537],
[353.33276,-108.25416,361.31656],
[342.41824,-125.8672,365.83548],
[356.95374,-108.01839,315.00537],
[376.0203,-71.667885,326.35638],
[363.9552,-90.01346,356.77893],
[363.9552,-90.01346,356.77893],
[376.0203,-71.667885,326.35638],
[373.99738,-71.63817,352.68478],
[353.33276,-108.25416,361.31656],
[356.95374,-108.01839,315.00537],
[363.9552,-90.01346,356.77893],
[333.33444,-142.36328,344.05762],
[356.95374,-108.01839,315.00537],
[342.41824,-125.8672,365.83548],
[335.25287,-143.09952,298.8697],
[356.95374,-108.01839,315.00537],
[334.5362,-142.61324,320.6774],
[333.33444,-142.36328,344.05762],
[334.5362,-142.61324,320.6774],
[356.95374,-108.01839,315.00537],
[357.7754,-109.57205,268.49335],
[356.95374,-108.01839,315.00537],
[335.25287,-143.09952,298.8697],
[335.6321,-143.81221,277.77145],
[357.7754,-109.57205,268.49335],
[335.25287,-143.09952,298.8697],
[377.77338,-72.51746,280.56976],
[377.2942,-71.96731,302.59116],
[356.95374,-108.01839,315.00537],
[377.77338,-72.51746,280.56976],
[357.7754,-109.57205,268.49335],
[377.41217,-73.299385,259.47293],
[377.77338,-72.51746,280.56976],
[356.95374,-108.01839,315.00537],
[357.7754,-109.57205,268.49335],
[376.0203,-71.667885,326.35638],
[356.95374,-108.01839,315.00537],
[377.2942,-71.96731,302.59116],
[280.3532,214.0,290.70395],
[297.67523,189.63939,307.2521],
[298.54846,189.61688,286.30597],
[277.96054,214.0,335.5257],
[295.66116,189.88611,352.02594],
[296.78375,189.73323,328.87292],
[296.78375,189.73323,328.87292],
[297.67523,189.63939,307.2521],
[277.96054,214.0,335.5257],
[277.96054,214.0,335.5257],
[274.72745,214.0,380.7955],
[294.0946,190.08575,377.56866],
[277.96054,214.0,335.5257],
[294.0946,190.08575,377.56866],
[295.66116,189.88611,352.02594],
[280.3532,214.0,290.70395],
[277.96054,214.0,335.5257],
[297.67523,189.63939,307.2521],
[276.1009,202.78531,471.7984],
[280.53342,197.39592,471.0896],
[283.50424,197.14334,441.18985],
[276.1009,202.78531,471.7984],
[283.50424,197.14334,441.18985],
[279.01242,202.59135,441.8633],
[271.15936,208.73067,472.63617],
[276.1009,202.78531,471.7984],
[279.01242,202.59135,441.8633],
[271.15936,208.73067,472.63617],
[279.01242,202.59135,441.8633],
[273.99277,208.62917,442.66364],
[266.74323,214.0,473.4181],
[271.15936,208.73067,472.63617],
[273.99277,208.62917,442.66364],
[266.74323,214.0,473.4181],
[273.99277,208.62917,442.66364],
[269.49847,214.0,443.4134],
[279.01242,202.59135,441.8633],
[283.50424,197.14334,441.18985],
[291.92334,190.3223,406.0352],
[286.008,190.90764,468.3782],
[289.19467,190.59554,436.66602],
[283.50424,197.14334,441.18985],
[286.008,190.90764,468.3782],
[283.50424,197.14334,441.18985],
[280.53342,197.39592,471.0896],
[291.92334,190.3223,406.0352],
[283.50424,197.14334,441.18985],
[289.19467,190.59554,436.66602],
[279.01242,202.59135,441.8633],
[291.92334,190.3223,406.0352],
[294.0946,190.08575,377.56866],
[280.53342,197.39592,471.0896],
[282.46268,191.26082,500.08884],
[286.008,190.90764,468.3782],
[282.46268,191.26082,500.08884],
[280.53342,197.39592,471.0896],
[276.53122,198.58197,501.13092],
[280.53342,197.39592,471.0896],
[276.1009,202.78531,471.7984],
[271.68256,204.50053,502.0368],
[280.53342,197.39592,471.0896],
[271.68256,204.50053,502.0368],
[276.53122,198.58197,501.13092],
[274.72745,214.0,380.7955],
[273.99277,208.62917,442.66364],
[279.01242,202.59135,441.8633],
[273.99277,208.62917,442.66364],
[274.72745,214.0,380.7955],
[269.49847,214.0,443.4134],
[274.72745,214.0,380.7955],
[279.01242,202.59135,441.8633],
[294.0946,190.08575,377.56866],
[271.15936,208.73067,472.63617],
[271.68256,204.50053,502.0368],
[276.1009,202.78531,471.7984],
[263.7899,214.0,503.62143],
[271.15936,208.73067,472.63617],
[266.74323,214.0,473.4181],
[271.68256,204.50053,502.0368],
[271.15936,208.73067,472.63617],
[263.7899,214.0,503.62143],
[271.3201,199.39496,541.77075],
[274.34354,195.63554,541.044],
[276.88412,195.38707,520.9587],
[271.3201,199.39496,541.77075],
[276.88412,195.38707,520.9587],
[273.82013,199.17633,521.5886],
[268.61575,199.63573,562.66296],
[271.59494,195.90903,561.81616],
[274.34354,195.63554,541.044],
[268.61575,199.63573,562.66296],
[274.34354,195.63554,541.044],
[271.3201,199.39496,541.77075],
[265.99228,199.87227,582.28125],
[268.9283,196.17758,581.3074],
[271.59494,195.90903,561.81616],
[265.99228,199.87227,582.28125],
[271.59494,195.90903,561.81616],
[268.61575,199.63573,562.66296],
[263.27634,200.11908,602.16565],
[266.16754,196.45772,601.0533],
[268.9283,196.17758,581.3074],
[263.27634,200.11908,602.16565],
[268.9283,196.17758,581.3074],
[265.99228,199.87227,582.28125],
[260.50983,200.37149,622.2036],
[263.3553,196.74417,620.9467],
[266.16754,196.45772,601.0533],
[260.50983,200.37149,622.2036],
[266.16754,196.45772,601.0533],
[263.27634,200.11908,602.16565],
[268.3299,203.09564,542.5178],
[271.3201,199.39496,541.77075],
[273.82013,199.17633,521.5886],
[268.3299,203.09564,542.5178],
[273.82013,199.17633,521.5886],
[270.7778,202.9164,522.2376],
[265.6839,203.29317,563.53174],
[268.61575,199.63573,562.66296],
[271.3201,199.39496,541.77075],
[265.6839,203.29317,563.53174],
[271.3201,199.39496,541.77075],
[268.3299,203.09564,542.5178],
[263.11835,203.48729,583.279],
[265.99228,199.87227,582.28125],
[268.61575,199.63573,562.66296],
[263.11835,203.48729,583.279],
[268.61575,199.63573,562.66296],
[265.6839,203.29317,563.53174],
[260.46326,203.68988,603.30396],
[263.27634,200.11908,602.16565],
[265.99228,199.87227,582.28125],
[260.46326,203.68988,603.30396],
[265.99228,199.87227,582.28125],
[263.11835,203.48729,583.279],
[257.7592,203.89708,623.4887],
[260.50983,200.37149,622.2036],
[263.27634,200.11908,602.16565],
[257.7592,203.89708,623.4887],
[263.27634,200.11908,602.16565],
[260.46326,203.68988,603.30396],
[265.3777,206.72995,543.28687],
[268.3299,203.09564,542.5178],
[270.7778,202.9164,522.2376],
[265.3777,206.72995,543.28687],
[270.7778,202.9164,522.2376],
[267.76068,206.60052,522.9073],
[262.8055,206.8726,564.4244],
[265.6839,203.29317,563.53174],
[268.3299,203.09564,542.5178],
[262.8055,206.8726,564.4244],
[268.3299,203.09564,542.5178],
[265.3777,206.72995,543.28687],
[260.31418,207.01285,584.30255],
[263.11835,203.48729,583.279],
[265.6839,203.29317,563.53174],
[260.31418,207.01285,584.30255],
[265.6839,203.29317,563.53174],
[262.8055,206.8726,564.4244],
[257.7376,207.15924,604.47034],
[260.46326,203.68988,603.30396],
[263.11835,203.48729,583.279],
[257.7376,207.15924,604.47034],
[263.11835,203.48729,583.279],
[260.31418,207.01285,584.30255],
[255.11435,207.30898,624.80426],
[257.7592,203.89708,623.4887],
[260.46326,203.68988,603.30396],
[255.11435,207.30898,624.80426],
[260.46326,203.68988,603.30396],
[257.7376,207.15924,604.47034],
[262.4328,210.33623,544.0848],
[265.3777,206.72995,543.28687],
[267.76068,206.60052,522.9073],
[262.4328,210.33623,544.0848],
[267.76068,206.60052,522.9073],
[264.73804,210.26723,523.6036],
[259.95023,210.4123,565.3488],
[262.8055,206.8726,564.4244],
[265.3777,206.72995,543.28687],
[259.95023,210.4123,565.3488],
[265.3777,206.72995,543.28687],
[262.4328,210.33623,544.0848],
[257.5495,210.48709,585.36115],
[260.31418,207.01285,584.30255],
[262.8055,206.8726,564.4244],
[257.5495,210.48709,585.36115],
[262.8055,206.8726,564.4244],
[259.95023,210.4123,565.3488],
[255.06921,210.56519,605.6753],
[257.7376,207.15924,604.47034],
[260.31418,207.01285,584.30255],
[255.06921,210.56519,605.6753],
[260.31418,207.01285,584.30255],
[257.5495,210.48709,585.36115],
[252.54527,210.64505,626.16223],
[255.11435,207.30898,624.80426],
[257.7376,207.15924,604.47034],
[252.54527,210.64505,626.16223],
[257.7376,207.15924,604.47034],
[255.06921,210.56519,605.6753],
[259.43033,214.0,544.91956],
[262.4328,210.33623,544.0848],
[264.73804,210.26723,523.6036],
[259.43033,214.0,544.91956],
[264.73804,210.26723,523.6036],
[261.64722,214.0,524.333],
[257.05002,214.0,566.31476],
[259.95023,210.4123,565.3488],
[262.4328,210.33623,544.0848],
[257.05002,214.0,566.31476],
[262.4328,210.33623,544.0848],
[259.43033,214.0,544.91956],
[254.75314,214.0,586.4664],
[257.5495,210.48709,585.36115],
[259.95023,210.4123,565.3488],
[254.75314,214.0,586.4664],
[259.95023,210.4123,565.3488],
[257.05002,214.0,566.31476],
[252.3834,214.0,606.93256],
[255.06921,210.56519,605.6753],
[257.5495,210.48709,585.36115],
[252.3834,214.0,606.93256],
[257.5495,210.48709,585.36115],
[254.75314,214.0,586.4664],
[249.97363,214.0,627.5783],
[252.54527,210.64505,626.16223],
[255.06921,210.56519,605.6753],
[249.97363,214.0,627.5783],
[255.06921,210.56519,605.6753],
[252.3834,214.0,606.93256],
[276.53122,198.58197,501.13092],
[276.88412,195.38707,520.9587],
[281.53186,191.35574,507.89285],
[276.88412,195.38707,520.9587],
[280.58585,191.45322,515.63336],
[281.53186,191.35574,507.89285],
[276.88412,195.38707,520.9587],
[274.34354,195.63554,541.044],
[278.6523,191.65509,530.9407],
[276.88412,195.38707,520.9587],
[278.6523,191.65509,530.9407],
[280.58585,191.45322,515.63336],
[276.67017,191.86507,546.0446],
[278.6523,191.65509,530.9407],
[274.34354,195.63554,541.044],
[276.53122,198.58197,501.13092],
[281.53186,191.35574,507.89285],
[282.46268,191.26082,500.08884],
[274.64752,192.0818,560.9792],
[276.67017,191.86507,546.0446],
[274.34354,195.63554,541.044],
[274.64752,192.0818,560.9792],
[274.34354,195.63554,541.044],
[271.59494,195.90903,561.81616],
[272.59247,192.30396,575.77814],
[274.64752,192.0818,560.9792],
[271.59494,195.90903,561.81616],
[272.59247,192.30396,575.77814],
[271.59494,195.90903,561.81616],
[268.9283,196.17758,581.3074],
[270.5131,192.53017,590.4754],
[266.16754,196.45772,601.0533],
[268.4175,192.75908,605.1049],
[266.31384,192.98933,619.70056],
[268.4175,192.75908,605.1049],
[266.16754,196.45772,601.0533],
[266.31384,192.98933,619.70056],
[266.16754,196.45772,601.0533],
[263.3553,196.74417,620.9467],
[268.9283,196.17758,581.3074],
[270.5131,192.53017,590.4754],
[272.59247,192.30396,575.77814],
[273.82013,199.17633,521.5886],
[276.53122,198.58197,501.13092],
[270.7778,202.9164,522.2376],
[271.68256,204.50053,502.0368],
[270.7778,202.9164,522.2376],
[276.53122,198.58197,501.13092],
[264.73804,210.26723,523.6036],
[267.76068,206.60052,522.9073],
[271.68256,204.50053,502.0368],
[263.7899,214.0,503.62143],
[264.73804,210.26723,523.6036],
[271.68256,204.50053,502.0368],
[270.7778,202.9164,522.2376],
[271.68256,204.50053,502.0368],
[267.76068,206.60052,522.9073],
[270.5131,192.53017,590.4754],
[268.9283,196.17758,581.3074],
[266.16754,196.45772,601.0533],
[263.7899,214.0,503.62143],
[261.64722,214.0,524.333],
[264.73804,210.26723,523.6036],
[276.53122,198.58197,501.13092],
[273.82013,199.17633,521.5886],
[276.88412,195.38707,520.9587],
[263.33725,-201.85054,602.8457],
[266.18817,-198.23537,601.7422],
[263.4956,-198.52489,620.8964],
[263.33725,-201.85054,602.8457],
[263.4956,-198.52489,620.8964],
[260.6879,-202.10387,622.12964],
[266.1295,-201.58446,582.2987],
[269.02597,-197.93109,581.328],
[266.18817,-198.23537,601.7422],
[266.1295,-201.58446,582.2987],
[266.18817,-198.23537,601.7422],
[263.33725,-201.85054,602.8457],
[268.70056,-201.34116,562.9613],
[271.639,-197.65251,562.1057],
[269.02597,-197.93109,581.328],
[268.70056,-201.34116,562.9613],
[269.02597,-197.93109,581.328],
[266.1295,-201.58446,582.2987],
[271.35934,-201.09227,542.2928],
[274.34128,-197.367,541.54443],
[271.639,-197.65251,562.1057],
[271.35934,-201.09227,542.2928],
[271.639,-197.65251,562.1057],
[268.70056,-201.34116,562.9613],
[273.83893,-200.86377,522.1318],
[276.86148,-197.10413,521.4681],
[274.34128,-197.367,541.54443],
[273.83893,-200.86377,522.1318],
[274.34128,-197.367,541.54443],
[271.35934,-201.09227,542.2928],
[260.4335,-205.5449,604.0283],
[263.33725,-201.85054,602.8457],
[260.6879,-202.10387,622.12964],
[260.4335,-205.5449,604.0283],
[260.6879,-202.10387,622.12964],
[257.8453,-205.75041,623.4502],
[263.16165,-205.32916,583.3401],
[266.1295,-201.58446,582.2987],
[263.33725,-201.85054,602.8457],
[263.16165,-205.32916,583.3401],
[263.33725,-201.85054,602.8457],
[260.4335,-205.5449,604.0283],
[265.67444,-205.1321,563.8805],
[268.70056,-201.34116,562.9613],
[266.1295,-201.58446,582.2987],
[265.67444,-205.1321,563.8805],
[266.1295,-201.58446,582.2987],
[263.16165,-205.32916,583.3401],
[268.27405,-204.93088,543.0981],
[271.35934,-201.09227,542.2928],
[268.70056,-201.34116,562.9613],
[268.27405,-204.93088,543.0981],
[268.70056,-201.34116,562.9613],
[265.67444,-205.1321,563.8805],
[270.69995,-204.7466,522.8474],
[273.83893,-200.86377,522.1318],
[271.35934,-201.09227,542.2928],
[270.69995,-204.7466,522.8474],
[271.35934,-201.09227,542.2928],
[268.27405,-204.93088,543.0981],
[257.68338,-209.05775,605.2152],
[260.4335,-205.5449,604.0283],
[257.8453,-205.75041,623.4502],
[257.68338,-209.05775,605.2152],
[257.8453,-205.75041,623.4502],
[255.17267,-209.20552,624.77435],
[260.33066,-208.90273,584.38654],
[263.16165,-205.32916,583.3401],
[260.4335,-205.5449,604.0283],
[260.33066,-208.90273,584.38654],
[260.4335,-205.5449,604.0283],
[257.68338,-209.05775,605.2152],
[262.77048,-208.76123,564.8054],
[265.67444,-205.1321,563.8805],
[263.16165,-205.32916,583.3401],
[262.77048,-208.76123,564.8054],
[263.16165,-205.32916,583.3401],
[260.33066,-208.90273,584.38654],
[265.2971,-208.61694,543.9099],
[268.27405,-204.93088,543.0981],
[265.67444,-205.1321,563.8805],
[265.2971,-208.61694,543.9099],
[265.67444,-205.1321,563.8805],
[262.77048,-208.76123,564.8054],
[269.13242,-206.67624,523.2162],
[270.69995,-204.7466,522.8474],
[268.27405,-204.93088,543.0981],
[265.2971,-208.61694,543.9099],
[267.6581,-208.48508,523.5704],
[269.13242,-206.67624,523.2162],
[268.27405,-204.93088,543.0981],
[265.2971,-208.61694,543.9099],
[269.13242,-206.67624,523.2162],
[270.28375,-206.6015,513.07886],
[271.8659,-204.6596,512.72815],
[270.69995,-204.7466,522.8474],
[270.28375,-206.6015,513.07886],
[270.69995,-204.7466,522.8474],
[269.13242,-206.67624,523.2162],
[268.79437,-208.42294,513.4159],
[270.28375,-206.6015,513.07886],
[269.13242,-206.67624,523.2162],
[268.79437,-208.42294,513.4159],
[269.13242,-206.67624,523.2162],
[267.6581,-208.48508,523.5704],
[254.95387,-212.55853,606.4618],
[257.68338,-209.05775,605.2152],
[255.17267,-209.20552,624.77435],
[254.95387,-212.55853,606.4618],
[255.17267,-209.20552,624.77435],
[252.54018,-212.63615,626.16394],
[257.50018,-212.47711,585.4868],
[260.33066,-208.90273,584.38654],
[257.68338,-209.05775,605.2152],
[257.50018,-212.47711,585.4868],
[257.68338,-209.05775,605.2152],
[254.95387,-212.55853,606.4618],
[259.84943,-212.40283,565.7792],
[262.77048,-208.76123,564.8054],
[260.33066,-208.90273,584.38654],
[259.84943,-212.40283,565.7792],
[260.33066,-208.90273,584.38654],
[257.50018,-212.47711,585.4868],
[262.2862,-212.32718,544.7661],
[265.2971,-208.61694,543.9099],
[262.77048,-208.76123,564.8054],
[262.2862,-212.32718,544.7661],
[262.77048,-208.76123,564.8054],
[259.84943,-212.40283,565.7792],
[266.07565,-210.42033,523.95825],
[267.6581,-208.48508,523.5704],
[265.2971,-208.61694,543.9099],
[262.2862,-212.32718,544.7661],
[264.56845,-212.25813,524.3343],
[266.07565,-210.42033,523.95825],
[265.2971,-208.61694,543.9099],
[262.2862,-212.32718,544.7661],
[266.07565,-210.42033,523.95825],
[267.19434,-210.37288,513.78516],
[268.79437,-208.42294,513.4159],
[267.6581,-208.48508,523.5704],
[267.19434,-210.37288,513.78516],
[267.6581,-208.48508,523.5704],
[266.07565,-210.42033,523.95825],
[265.66913,-212.22563,514.1434],
[267.19434,-210.37288,513.78516],
[266.07565,-210.42033,523.95825],
[265.66913,-212.22563,514.1434],
[266.07565,-210.42033,523.95825],
[264.56845,-212.25813,524.3343],
[252.27834,-216.0,607.7313],
[254.95387,-212.55853,606.4618],
[252.54018,-212.63615,626.16394],
[252.27834,-216.0,607.7313],
[252.54018,-212.63615,626.16394],
[249.97363,-216.0,627.5783],
[254.71133,-216.0,586.6081],
[257.50018,-212.47711,585.4868],
[254.95387,-212.55853,606.4618],
[254.71133,-216.0,586.6081],
[254.95387,-212.55853,606.4618],
[252.27834,-216.0,607.7313],
[256.95917,-216.0,566.7724],
[259.84943,-212.40283,565.7792],
[257.50018,-212.47711,585.4868],
[256.95917,-216.0,566.7724],
[257.50018,-212.47711,585.4868],
[254.71133,-216.0,586.6081],
[259.29578,-216.0,545.6403],
[262.2862,-212.32718,544.7661],
[259.84943,-212.40283,565.7792],
[259.29578,-216.0,545.6403],
[259.84943,-212.40283,565.7792],
[256.95917,-216.0,566.7724],
[263.01505,-214.14798,524.72705],
[264.56845,-212.25813,524.3343],
[262.2862,-212.32718,544.7661],
[259.29578,-216.0,545.6403],
[261.49088,-216.0,525.11523],
[263.01505,-214.14798,524.72705],
[262.2862,-212.32718,544.7661],
[259.29578,-216.0,545.6403],
[263.01505,-214.14798,524.72705],
[264.09628,-214.13168,514.5176],
[265.66913,-212.22563,514.1434],
[264.56845,-212.25813,524.3343],
[264.09628,-214.13168,514.5176],
[264.56845,-212.25813,524.3343],
[263.01505,-214.14798,524.72705],
[262.5525,-216.0,514.8875],
[264.09628,-214.13168,514.5176],
[263.01505,-214.14798,524.72705],
[262.5525,-216.0,514.8875],
[263.01505,-214.14798,524.72705],
[261.49088,-216.0,525.11523],
[268.55826,-194.49913,605.1295],
[266.47787,-194.74258,619.64594],
[263.4956,-198.52489,620.8964],
[268.55826,-194.49913,605.1295],
[263.4956,-198.52489,620.8964],
[266.18817,-198.23537,601.7422],
[266.18817,-198.23537,601.7422],
[270.63046,-194.25693,590.5791],
[268.55826,-194.49913,605.1295],
[266.18817,-198.23537,601.7422],
[269.02597,-197.93109,581.328],
[272.68637,-194.01724,575.9608],
[266.18817,-198.23537,601.7422],
[272.68637,-194.01724,575.9608],
[270.63046,-194.25693,590.5791],
[269.02597,-197.93109,581.328],
[271.639,-197.65251,562.1057],
[274.71777,-193.78133,561.24066],
[269.02597,-197.93109,581.328],
[274.71777,-193.78133,561.24066],
[272.68637,-194.01724,575.9608],
[276.71652,-193.55043,546.38464],
[274.71777,-193.78133,561.24066],
[271.639,-197.65251,562.1057],
[276.71652,-193.55043,546.38464],
[271.639,-197.65251,562.1057],
[274.34128,-197.367,541.54443],
[278.67444,-193.3258,531.3589],
[276.86148,-197.10413,521.4681],
[280.58334,-193.10872,516.1294],
[278.67444,-193.3258,531.3589],
[276.71652,-193.55043,546.38464],
[274.34128,-197.367,541.54443],
[281.5169,-193.0034,508.4276],
[280.58334,-193.10872,516.1294],
[276.86148,-197.10413,521.4681],
[281.5169,-193.0034,508.4276],
[276.3814,-200.42168,501.83337],
[282.43512,-192.90044,500.6622],
[278.67444,-193.3258,531.3589],
[274.34128,-197.367,541.54443],
[276.86148,-197.10413,521.4681],
[273.83893,-200.86377,522.1318],
[276.3814,-200.42168,501.83337],
[276.86148,-197.10413,521.4681],
[273.83893,-200.86377,522.1318],
[270.69995,-204.7466,522.8474],
[271.8659,-204.6596,512.72815],
[271.8659,-204.6596,512.72815],
[276.3814,-200.42168,501.83337],
[273.83893,-200.86377,522.1318],
[270.28375,-206.6015,513.07886],
[268.79437,-208.42294,513.4159],
[269.34116,-209.05283,503.3039],
[270.28375,-206.6015,513.07886],
[269.34116,-209.05283,503.3039],
[271.4799,-206.44604,502.8429],
[267.34647,-211.4725,503.7447],
[267.19434,-210.37288,513.78516],
[265.66913,-212.22563,514.1434],
[269.34116,-209.05283,503.3039],
[268.79437,-208.42294,513.4159],
[267.19434,-210.37288,513.78516],
[271.4799,-206.44604,502.8429],
[271.8659,-204.6596,512.72815],
[270.28375,-206.6015,513.07886],
[271.4799,-206.44604,502.8429],
[276.3814,-200.42168,501.83337],
[271.8659,-204.6596,512.72815],
[267.34647,-211.4725,503.7447],
[269.34116,-209.05283,503.3039],
[267.19434,-210.37288,513.78516],
[264.09628,-214.13168,514.5176],
[262.5525,-216.0,514.8875],
[263.5971,-216.0,504.5926],
[264.09628,-214.13168,514.5176],
[263.5971,-216.0,504.5926],
[265.44778,-213.76744,504.17203],
[265.44778,-213.76744,504.17203],
[267.34647,-211.4725,503.7447],
[265.66913,-212.22563,514.1434],
[265.44778,-213.76744,504.17203],
[265.66913,-212.22563,514.1434],
[264.09628,-214.13168,514.5176],
[281.5169,-193.0034,508.4276],
[276.86148,-197.10413,521.4681],
[276.3814,-200.42168,501.83337],
[278.16135,-201.96976,471.60123],
[276.03043,-204.57487,472.00052],
[278.94485,-204.37561,441.55383],
[283.4632,-198.85178,440.7303],
[280.48193,-199.11917,471.1781],
[278.16135,-201.96976,471.60123],
[278.94485,-204.37561,441.55383],
[283.4632,-198.85178,440.7303],
[278.16135,-201.96976,471.60123],
[276.03043,-204.57487,472.00052],
[278.16135,-201.96976,471.60123],
[276.57043,-202.09825,486.9146],
[276.03043,-204.57487,472.00052],
[276.57043,-202.09825,486.9146],
[274.4599,-204.6843,487.32483],
[278.16135,-201.96976,471.60123],
[280.48193,-199.11917,471.1781],
[278.8705,-199.26608,486.47946],
[278.16135,-201.96976,471.60123],
[278.8705,-199.26608,486.47946],
[276.57043,-202.09825,486.9146],
[268.7525,-213.37764,473.44568],
[266.56754,-216.0,473.89713],
[269.32227,-216.0,443.4628],
[273.84207,-210.56024,442.54358],
[271.0098,-210.66173,472.98517],
[268.7525,-213.37764,473.44568],
[269.32227,-216.0,443.4628],
[273.84207,-210.56024,442.54358],
[268.7525,-213.37764,473.44568],
[273.41165,-207.75865,472.50647],
[271.0098,-210.66173,472.98517],
[273.84207,-210.56024,442.54358],
[278.94485,-204.37561,441.55383],
[276.03043,-204.57487,472.00052],
[273.41165,-207.75865,472.50647],
[273.84207,-210.56024,442.54358],
[278.94485,-204.37561,441.55383],
[273.41165,-207.75865,472.50647],
[270.65857,-209.30884,488.0923],
[269.49384,-210.71744,488.33466],
[271.0098,-210.66173,472.98517],
[273.41165,-207.75865,472.50647],
[271.86847,-207.8416,487.844],
[270.65857,-209.30884,488.0923],
[271.0098,-210.66173,472.98517],
[273.41165,-207.75865,472.50647],
[270.65857,-209.30884,488.0923],
[273.13257,-206.304,487.58856],
[271.86847,-207.8416,487.844],
[273.41165,-207.75865,472.50647],
[276.03043,-204.57487,472.00052],
[274.4599,-204.6843,487.32483],
[273.13257,-206.304,487.58856],
[273.41165,-207.75865,472.50647],
[276.03043,-204.57487,472.00052],
[273.13257,-206.304,487.58856],
[271.86847,-207.8416,487.844],
[273.13257,-206.304,487.58856],
[272.3299,-206.35442,495.23004],
[271.86847,-207.8416,487.844],
[272.3299,-206.35442,495.23004],
[271.07336,-207.88504,495.49075],
[273.13257,-206.304,487.58856],
[274.4599,-204.6843,487.32483],
[273.6497,-204.74158,494.96075],
[273.13257,-206.304,487.58856],
[273.6497,-204.74158,494.96075],
[272.3299,-206.35442,495.23004],
[269.49384,-210.71744,488.33466],
[270.65857,-209.30884,488.0923],
[269.8711,-209.3452,495.7441],
[269.49384,-210.71744,488.33466],
[269.8711,-209.3452,495.7441],
[268.71402,-210.74663,495.99133],
[270.65857,-209.30884,488.0923],
[271.86847,-207.8416,487.844],
[271.07336,-207.88504,495.49075],
[270.65857,-209.30884,488.0923],
[271.07336,-207.88504,495.49075],
[269.8711,-209.3452,495.7441],
[266.1803,-214.70868,489.03796],
[265.1059,-216.0,489.26843],
[266.56754,-216.0,473.89713],
[268.7525,-213.37764,473.44568],
[267.26373,-213.40562,488.8063],
[266.1803,-214.70868,489.03796],
[266.56754,-216.0,473.89713],
[268.7525,-213.37764,473.44568],
[266.1803,-214.70868,489.03796],
[268.36523,-212.07912,488.57227],
[267.26373,-213.40562,488.8063],
[268.7525,-213.37764,473.44568],
[271.0098,-210.66173,472.98517],
[269.49384,-210.71744,488.33466],
[268.36523,-212.07912,488.57227],
[268.7525,-213.37764,473.44568],
[271.0098,-210.66173,472.98517],
[268.36523,-212.07912,488.57227],
[267.26373,-213.40562,488.8063],
[268.36523,-212.07912,488.57227],
[267.5931,-212.10109,496.23364],
[267.26373,-213.40562,488.8063],
[267.5931,-212.10109,496.23364],
[266.49933,-213.4203,496.4723],
[268.36523,-212.07912,488.57227],
[269.49384,-210.71744,488.33466],
[268.71402,-210.74663,495.99133],
[268.36523,-212.07912,488.57227],
[268.71402,-210.74663,495.99133],
[267.5931,-212.10109,496.23364],
[265.1059,-216.0,489.26843],
[266.1803,-214.70868,489.03796],
[265.4236,-214.71602,496.70847],
[265.1059,-216.0,489.26843],
[265.4236,-214.71602,496.70847],
[264.35696,-216.0,496.94345],
[266.1803,-214.70868,489.03796],
[267.26373,-213.40562,488.8063],
[266.49933,-213.4203,496.4723],
[266.1803,-214.70868,489.03796],
[266.49933,-213.4203,496.4723],
[265.4236,-214.71602,496.70847],
[276.534,-210.46417,411.09732],
[281.68015,-204.18878,410.0401],
[278.94485,-204.37561,441.55383],
[276.534,-210.46417,411.09732],
[278.94485,-204.37561,441.55383],
[273.84207,-210.56024,442.54358],
[271.97983,-216.0,412.08163],
[276.534,-210.46417,411.09732],
[273.84207,-210.56024,442.54358],
[271.97983,-216.0,412.08163],
[273.84207,-210.56024,442.54358],
[269.32227,-216.0,443.4628],
[278.8705,-199.26608,486.47946],
[282.43512,-192.90044,500.6622],
[276.3814,-200.42168,501.83337],
[276.57043,-202.09825,486.9146],
[278.8705,-199.26608,486.47946],
[276.3814,-200.42168,501.83337],
[285.93094,-192.5146,469.1067],
[282.43512,-192.90044,500.6622],
[278.8705,-199.26608,486.47946],
[285.93094,-192.5146,469.1067],
[278.8705,-199.26608,486.47946],
[280.48193,-199.11917,471.1781],
[273.6497,-204.74158,494.96075],
[271.4799,-206.44604,502.8429],
[272.3299,-206.35442,495.23004],
[273.6497,-204.74158,494.96075],
[274.4599,-204.6843,487.32483],
[276.57043,-202.09825,486.9146],
[276.3814,-200.42168,501.83337],
[273.6497,-204.74158,494.96075],
[276.57043,-202.09825,486.9146],
[271.4799,-206.44604,502.8429],
[273.6497,-204.74158,494.96075],
[276.3814,-200.42168,501.83337],
[289.07846,-192.17505,437.55942],
[285.93094,-192.5146,469.1067],
[280.48193,-199.11917,471.1781],
[289.07846,-192.17505,437.55942],
[280.48193,-199.11917,471.1781],
[283.4632,-198.85178,440.7303],
[281.68015,-204.18878,410.0401],
[293.9805,-191.6593,378.86865],
[291.79065,-191.88791,407.11514],
[291.79065,-191.88791,407.11514],
[289.07846,-192.17505,437.55942],
[283.4632,-198.85178,440.7303],
[283.4632,-198.85178,440.7303],
[278.94485,-204.37561,441.55383],
[281.68015,-204.18878,410.0401],
[291.79065,-191.88791,407.11514],
[283.4632,-198.85178,440.7303],
[281.68015,-204.18878,410.0401],
[282.5222,-205.76611,381.2181],
[293.9805,-191.6593,378.86865],
[281.68015,-204.18878,410.0401],
[271.4799,-206.44604,502.8429],
[269.34116,-209.05283,503.3039],
[271.07336,-207.88504,495.49075],
[271.4799,-206.44604,502.8429],
[271.07336,-207.88504,495.49075],
[272.3299,-206.35442,495.23004],
[269.34116,-209.05283,503.3039],
[269.8711,-209.3452,495.7441],
[271.07336,-207.88504,495.49075],
[269.8711,-209.3452,495.7441],
[269.34116,-209.05283,503.3039],
[268.71402,-210.74663,495.99133],
[267.5931,-212.10109,496.23364],
[268.71402,-210.74663,495.99133],
[267.34647,-211.4725,503.7447],
[265.44778,-213.76744,504.17203],
[263.5971,-216.0,504.5926],
[264.35696,-216.0,496.94345],
[265.44778,-213.76744,504.17203],
[264.35696,-216.0,496.94345],
[265.4236,-214.71602,496.70847],
[267.34647,-211.4725,503.7447],
[265.44778,-213.76744,504.17203],
[266.49933,-213.4203,496.4723],
[267.34647,-211.4725,503.7447],
[266.49933,-213.4203,496.4723],
[267.5931,-212.10109,496.23364],
[269.34116,-209.05283,503.3039],
[267.34647,-211.4725,503.7447],
[268.71402,-210.74663,495.99133],
[274.25876,-216.0,383.15652],
[282.5222,-205.76611,381.2181],
[276.534,-210.46417,411.09732],
[274.25876,-216.0,383.15652],
[276.534,-210.46417,411.09732],
[271.97983,-216.0,412.08163],
[282.5222,-205.76611,381.2181],
[281.68015,-204.18878,410.0401],
[276.534,-210.46417,411.09732],
[265.4236,-214.71602,496.70847],
[266.49933,-213.4203,496.4723],
[265.44778,-213.76744,504.17203],
[279.72903,-216.0,294.56934],
[289.18948,-203.51698,291.42194],
[286.91043,-203.65323,335.3324],
[279.72903,-216.0,294.56934],
[286.91043,-203.65323,335.3324],
[277.38498,-216.0,338.04596],
[282.5222,-205.76611,381.2181],
[295.60846,-191.49477,353.5853],
[293.9805,-191.6593,378.86865],
[286.91043,-203.65323,335.3324],
[297.82904,-191.37102,309.36963],
[296.82526,-191.3977,330.71283],
[289.18948,-203.51698,291.42194],
[298.81805,-191.41754,288.67407],
[297.82904,-191.37102,309.36963],
[296.82526,-191.3977,330.71283],
[295.60846,-191.49477,353.5853],
[286.91043,-203.65323,335.3324],
[282.5222,-205.76611,381.2181],
[274.25876,-216.0,383.15652],
[277.38498,-216.0,338.04596],
[282.5222,-205.76611,381.2181],
[277.38498,-216.0,338.04596],
[286.91043,-203.65323,335.3324],
[297.82904,-191.37102,309.36963],
[286.91043,-203.65323,335.3324],
[289.18948,-203.51698,291.42194],
[295.60846,-191.49477,353.5853],
[286.91043,-203.65323,335.3324]
],
faces = [
[0,1,2],
[3,4,5],
[6,7,8],
[9,10,11],
[12,13,14],
[15,16,17],
[18,19,20],
[21,22,23],
[24,25,26],
[27,28,29],
[30,31,32],
[33,34,35],
[36,37,38],
[39,40,41],
[42,43,44],
[45,46,47],
[48,49,50],
[51,52,53],
[54,55,56],
[57,58,59],
[60,61,62],
[63,64,65],
[66,67,68],
[69,70,71],
[72,73,74],
[75,76,77],
[78,79,80],
[81,82,83],
[84,85,86],
[87,88,89],
[90,91,92],
[93,94,95],
[96,97,98],
[99,100,101],
[102,103,104],
[105,106,107],
[108,109,110],
[111,112,113],
[114,115,116],
[117,118,119],
[120,121,122],
[123,124,125],
[126,127,128],
[129,130,131],
[132,133,134],
[135,136,137],
[138,139,140],
[141,142,143],
[144,145,146],
[147,148,149],
[150,151,152],
[153,154,155],
[156,157,158],
[159,160,161],
[162,163,164],
[165,166,167],
[168,169,170],
[171,172,173],
[174,175,176],
[177,178,179],
[180,181,182],
[183,184,185],
[186,187,188],
[189,190,191],
[192,193,194],
[195,196,197],
[198,199,200],
[201,202,203],
[204,205,206],
[207,208,209],
[210,211,212],
[213,214,215],
[216,217,218],
[219,220,221],
[222,223,224],
[225,226,227],
[228,229,230],
[231,232,233],
[234,235,236],
[237,238,239],
[240,241,242],
[243,244,245],
[246,247,248],
[249,250,251],
[252,253,254],
[255,256,257],
[258,259,260],
[261,262,263],
[264,265,266],
[267,268,269],
[270,271,272],
[273,274,275],
[276,277,278],
[279,280,281],
[282,283,284],
[285,286,287],
[288,289,290],
[291,292,293],
[294,295,296],
[297,298,299],
[300,301,302],
[303,304,305],
[306,307,308],
[309,310,311],
[312,313,314],
[315,316,317],
[318,319,320],
[321,322,323],
[324,325,326],
[327,328,329],
[330,331,332],
[333,334,335],
[336,337,338],
[339,340,341],
[342,343,344],
[345,346,347],
[348,349,350],
[351,352,353],
[354,355,356],
[357,358,359],
[360,361,362],
[363,364,365],
[366,367,368],
[369,370,371],
[372,373,374],
[375,376,377],
[378,379,380],
[381,382,383],
[384,385,386],
[387,388,389],
[390,391,392],
[393,394,395],
[396,397,398],
[399,400,401],
[402,403,404],
[405,406,407],
[408,409,410],
[411,412,413],
[414,415,416],
[417,418,419],
[420,421,422],
[423,424,425],
[426,427,428],
[429,430,431],
[432,433,434],
[435,436,437],
[438,439,440],
[441,442,443],
[444,445,446],
[447,448,449],
[450,451,452],
[453,454,455],
[456,457,458],
[459,460,461],
[462,463,464],
[465,466,467],
[468,469,470],
[471,472,473],
[474,475,476],
[477,478,479],
[480,481,482],
[483,484,485],
[486,487,488],
[489,490,491],
[492,493,494],
[495,496,497],
[498,499,500],
[501,502,503],
[504,505,506],
[507,508,509],
[510,511,512],
[513,514,515],
[516,517,518],
[519,520,521],
[522,523,524],
[525,526,527],
[528,529,530],
[531,532,533],
[534,535,536],
[537,538,539],
[540,541,542],
[543,544,545],
[546,547,548],
[549,550,551],
[552,553,554],
[555,556,557],
[558,559,560],
[561,562,563],
[564,565,566],
[567,568,569],
[570,571,572],
[573,574,575],
[576,577,578],
[579,580,581],
[582,583,584],
[585,586,587],
[588,589,590],
[591,592,593],
[594,595,596],
[597,598,599],
[600,601,602],
[603,604,605],
[606,607,608],
[609,610,611],
[612,613,614],
[615,616,617],
[618,619,620],
[621,622,623],
[624,625,626],
[627,628,629],
[630,631,632],
[633,634,635],
[636,637,638],
[639,640,641],
[642,643,644],
[645,646,647],
[648,649,650],
[651,652,653],
[654,655,656],
[657,658,659],
[660,661,662],
[663,664,665],
[666,667,668],
[669,670,671],
[672,673,674],
[675,676,677],
[678,679,680],
[681,682,683],
[684,685,686],
[687,688,689],
[690,691,692],
[693,694,695],
[696,697,698],
[699,700,701],
[702,703,704],
[705,706,707],
[708,709,710],
[711,712,713],
[714,715,716],
[717,718,719],
[720,721,722],
[723,724,725],
[726,727,728],
[729,730,731],
[732,733,734],
[735,736,737],
[738,739,740],
[741,742,743],
[744,745,746],
[747,748,749],
[750,751,752],
[753,754,755],
[756,757,758],
[759,760,761],
[762,763,764],
[765,766,767],
[768,769,770],
[771,772,773],
[774,775,776],
[777,778,779],
[780,781,782],
[783,784,785],
[786,787,788],
[789,790,791],
[792,793,794],
[795,796,797],
[798,799,800],
[801,802,803],
[804,805,806],
[807,808,809],
[810,811,812],
[813,814,815],
[816,817,818],
[819,820,821],
[822,823,824],
[825,826,827],
[828,829,830],
[831,832,833],
[834,835,836],
[837,838,839],
[840,841,842],
[843,844,845],
[846,847,848],
[849,850,851],
[852,853,854],
[855,856,857],
[858,859,860],
[861,862,863],
[864,865,866],
[867,868,869],
[870,871,872],
[873,874,875],
[876,877,878],
[879,880,881],
[882,883,884],
[885,886,887],
[888,889,890],
[891,892,893],
[894,895,896],
[897,898,899],
[900,901,902],
[903,904,905],
[906,907,908],
[909,910,911],
[912,913,914],
[915,916,917],
[918,919,920],
[921,922,923],
[924,925,926],
[927,928,929],
[930,931,932],
[933,934,935],
[936,937,938],
[939,940,941],
[942,943,944],
[945,946,947],
[948,949,950],
[951,952,953],
[954,955,956],
[957,958,959],
[960,961,962],
[963,964,965],
[966,967,968],
[969,970,971],
[972,973,974],
[975,976,977],
[978,979,980],
[981,982,983],
[984,985,986],
[987,988,989],
[990,991,992],
[993,994,995],
[996,997,998],
[999,1000,1001],
[1002,1003,1004],
[1005,1006,1007],
[1008,1009,1010],
[1011,1012,1013],
[1014,1015,1016],
[1017,1018,1019],
[1020,1021,1022],
[1023,1024,1025],
[1026,1027,1028],
[1029,1030,1031],
[1032,1033,1034],
[1035,1036,1037],
[1038,1039,1040],
[1041,1042,1043],
[1044,1045,1046],
[1047,1048,1049],
[1050,1051,1052],
[1053,1054,1055],
[1056,1057,1058],
[1059,1060,1061],
[1062,1063,1064],
[1065,1066,1067],
[1068,1069,1070],
[1071,1072,1073],
[1074,1075,1076],
[1077,1078,1079],
[1080,1081,1082],
[1083,1084,1085],
[1086,1087,1088],
[1089,1090,1091],
[1092,1093,1094],
[1095,1096,1097],
[1098,1099,1100],
[1101,1102,1103],
[1104,1105,1106],
[1107,1108,1109],
[1110,1111,1112],
[1113,1114,1115],
[1116,1117,1118],
[1119,1120,1121],
[1122,1123,1124],
[1125,1126,1127],
[1128,1129,1130],
[1131,1132,1133],
[1134,1135,1136],
[1137,1138,1139],
[1140,1141,1142],
[1143,1144,1145],
[1146,1147,1148],
[1149,1150,1151],
[1152,1153,1154],
[1155,1156,1157],
[1158,1159,1160],
[1161,1162,1163],
[1164,1165,1166],
[1167,1168,1169],
[1170,1171,1172],
[1173,1174,1175],
[1176,1177,1178],
[1179,1180,1181],
[1182,1183,1184],
[1185,1186,1187],
[1188,1189,1190],
[1191,1192,1193],
[1194,1195,1196],
[1197,1198,1199],
[1200,1201,1202],
[1203,1204,1205],
[1206,1207,1208],
[1209,1210,1211],
[1212,1213,1214],
[1215,1216,1217],
[1218,1219,1220],
[1221,1222,1223],
[1224,1225,1226],
[1227,1228,1229],
[1230,1231,1232],
[1233,1234,1235],
[1236,1237,1238],
[1239,1240,1241],
[1242,1243,1244],
[1245,1246,1247],
[1248,1249,1250],
[1251,1252,1253],
[1254,1255,1256],
[1257,1258,1259],
[1260,1261,1262],
[1263,1264,1265],
[1266,1267,1268],
[1269,1270,1271],
[1272,1273,1274],
[1275,1276,1277],
[1278,1279,1280],
[1281,1282,1283],
[1284,1285,1286],
[1287,1288,1289],
[1290,1291,1292],
[1293,1294,1295],
[1296,1297,1298],
[1299,1300,1301],
[1302,1303,1304],
[1305,1306,1307],
[1308,1309,1310],
[1311,1312,1313],
[1314,1315,1316],
[1317,1318,1319],
[1320,1321,1322],
[1323,1324,1325],
[1326,1327,1328],
[1329,1330,1331],
[1332,1333,1334],
[1335,1336,1337],
[1338,1339,1340],
[1341,1342,1343],
[1344,1345,1346],
[1347,1348,1349],
[1350,1351,1352],
[1353,1354,1355],
[1356,1357,1358],
[1359,1360,1361],
[1362,1363,1364],
[1365,1366,1367],
[1368,1369,1370],
[1371,1372,1373],
[1374,1375,1376],
[1377,1378,1379],
[1380,1381,1382],
[1383,1384,1385],
[1386,1387,1388],
[1389,1390,1391],
[1392,1393,1394],
[1395,1396,1397],
[1398,1399,1400],
[1401,1402,1403],
[1404,1405,1406],
[1407,1408,1409],
[1410,1411,1412],
[1413,1414,1415],
[1416,1417,1418],
[1419,1420,1421],
[1422,1423,1424],
[1425,1426,1427],
[1428,1429,1430],
[1431,1432,1433],
[1434,1435,1436],
[1437,1438,1439],
[1440,1441,1442],
[1443,1444,1445],
[1446,1447,1448],
[1449,1450,1451],
[1452,1453,1454],
[1455,1456,1457],
[1458,1459,1460],
[1461,1462,1463],
[1464,1465,1466],
[1467,1468,1469],
[1470,1471,1472],
[1473,1474,1475],
[1476,1477,1478],
[1479,1480,1481],
[1482,1483,1484],
[1485,1486,1487],
[1488,1489,1490],
[1491,1492,1493],
[1494,1495,1496],
[1497,1498,1499],
[1500,1501,1502],
[1503,1504,1505],
[1506,1507,1508],
[1509,1510,1511],
[1512,1513,1514],
[1515,1516,1517],
[1518,1519,1520],
[1521,1522,1523],
[1524,1525,1526],
[1527,1528,1529],
[1530,1531,1532],
[1533,1534,1535],
[1536,1537,1538],
[1539,1540,1541],
[1542,1543,1544],
[1545,1546,1547],
[1548,1549,1550],
[1551,1552,1553],
[1554,1555,1556],
[1557,1558,1559],
[1560,1561,1562],
[1563,1564,1565],
[1566,1567,1568],
[1569,1570,1571],
[1572,1573,1574],
[1575,1576,1577],
[1578,1579,1580],
[1581,1582,1583],
[1584,1585,1586],
[1587,1588,1589],
[1590,1591,1592],
[1593,1594,1595],
[1596,1597,1598],
[1599,1600,1601]
]
);
